#format: frame checksums
#version: 2
#hash: MD5
#software: Lavf62.3.100
#tb 0: 3/44
#media_type 0: video
#codec_id 0: rawvideo
#dimensions 0: 64x36
#sar 0: 1/1
#stream#, dts,        pts, duration,     size, hash
0,          0,          0,        1,     2304, ed89ecfda4d100416f0b1daab9744687
0,          1,          1,        1,     2304, a63f5e3371e7d3c608bfe8536e5a3109
0,          2,          2,        1,     2304, c715ec2443f29f814b4dfb0a53dfa141
0,          3,          3,        2,     2304, 4e0fbf3cd00f636a6d36dc15f261d733
0,          5,          5,        1,     2304, 40e9319ce5dfd3ea58618a23c5cc169d
0,          6,          6,        1,     2304, 4afea15c0060bbe554b795bef7305a2c
0,          7,          7,        1,     2304, a7b2568550664cb02e65b5a7e1cef993
0,          8,          8,        1,     2304, 2d844bfcc04099b85ad6578d19fbe55f
0,          9,          9,        1,     2304, 92215b129685b32c96b8d3cbebebe04e
0,         10,         10,        1,     2304, d4f296080ec2a1135c77a7a69ea06e1a
0,         11,         11,        1,     2304, 5d8f379fb8ef8b858ca5b9acab392c48
0,         12,         12,        1,     2304, ab9ef9dbd744f2c63c2f6e584721672a
0,         13,         13,        1,     2304, 980da526677da04f1d17389130347f57
0,         14,         14,        1,     2304, 08217646f8a1444be4985c697150a984
0,         15,         15,        1,     2304, adea26afcad5d9b6a6ccebaaa0b68f15
0,         16,         16,        1,     2304, 5354d4183519807245b555e5e988fb10
0,         17,         17,        1,     2304, cb8756c55940fa8d7e640b5344ddc31a
0,         18,         18,        1,     2304, 243114b1fcc5b89fa70a5b208e4f8623
0,         19,         19,        1,     2304, eb2e609553ff2060030cc069d516f9f4
0,         20,         20,        1,     2304, a54b6cad81b753f9d7ce11a9c7f492b9
0,         21,         21,        1,     2304, a898443b27594b20398b5eae5057458a
0,         22,         22,        1,     2304, 302c3c0ca935b3c65f9cee2019684969
0,         23,         23,        1,     2304, b79d8a29b8fe7d56ba5f294f79ea49ac
0,         24,         24,        1,     2304, 3db46dc94cdc1df2d79f6449209d4f88
0,         25,         25,        1,     2304, 951b0007a1342bc3979815d599839f62
0,         26,         26,        1,     2304, 668a2545d9b84aff7382dee53ff229f9
0,         27,         27,        1,     2304, 3e5111fe85bc5aff699d363bc0634bcf
0,         28,         28,        1,     2304, bdd47fcb4d2b01f84f6918234dfd80ea
0,         29,         29,        1,     2304, 786d64e1ff23b79793f022c26c0db949
0,         30,         30,        1,     2304, 101c22cc3c0ae4fe72b40fc48a21ac3e
0,         31,         31,        1,     2304, 29fea6804936fe6a7dbc021fd631320f
0,         32,         32,        1,     2304, 8dd031aef6512950686fbadf2e1ace50
0,         33,         33,        1,     2304, 21e09436a9accec4bb93703022424ade
0,         34,         34,        1,     2304, c00e897b8501c6c2e3d9020ef18de489
0,         35,         35,        1,     2304, 818d45ad045b4c2dfc27351bc82b02a6
0,         36,         36,        1,     2304, 67e6ba8325ecdeb78d6667cf3c0e15fd
0,         37,         37,        1,     2304, ccb3487e23d91648efa51083c1a04899
0,         38,         38,        1,     2304, 1914d78e7b85f35cd5946771393cf56b
0,         39,         39,        1,     2304, 1533ed71d4a2c94ad5530bcad463bf15
0,         40,         40,        1,     2304, 620d4f5d04e6def16b11dbf362bfa5a9
0,         41,         41,        1,     2304, c45dc9b220a0e4b9b642531294e62641
0,         42,         42,        1,     2304, 8daca9a1d4831e54608d8d49438bff3b
0,         43,         43,        1,     2304, 662983b053708f86b01d6323e44a7b90
0,         44,         44,        1,     2304, c88823dcfaa5440e69da97f294e121dd
0,         45,         45,        1,     2304, e20192aab1f3001743907abd98a55731
0,         46,         46,        1,     2304, 6c56f9179d3bf2a5dfce48f4e530a44f
0,         47,         47,        1,     2304, d452ba2448b7bdba5a4ea57da1c9004a
0,         48,         48,        1,     2304, e5608fb5a7f73fdc4a91c27d08e3792a
0,         49,         49,        1,     2304, b97e761d8b1ff9297568d3dabeec4936
0,         50,         50,        1,     2304, 291a7a8806177811a8808ad240faae02
0,         51,         51,        1,     2304, bf5514e83ea24b90da04adf727ba626a
0,         52,         52,        1,     2304, becbfc544420f0d45ccf987e2f4186e4
0,         53,         53,        1,     2304, f2e4ae32a5cb86f6f250bbbb0a555f4d
0,         54,         54,        1,     2304, 7d2e31ae3ff9025198d906b2623c0268
0,         55,         55,        1,     2304, 501c07079786299f6040cc4354a3b478
0,         56,         56,        1,     2304, 05035941ac27924d4a561030470e3b06
0,         57,         57,        1,     2304, 6ccd434a9858c71940d30c7f782cc34b
0,         58,         58,        1,     2304, 405f485b44849ed0c6f9725f62357e0e
0,         59,         59,        1,     2304, 3fbc7908e75d61a41451c41d543b795b
0,         60,         60,        1,     2304, 9f84ad6f9c9642bcf5eee3c7663cc5bd
0,         61,         61,        1,     2304, 81cbdb3ac08dcf2a3611cc4f243104e0
0,         62,         62,        1,     2304, 1af2e94ac2e5ef06bc26c089573d81cd
0,         63,         63,        1,     2304, 1f8b24c285b19bdd02ed8e2c0aeff54e
0,         64,         64,        1,     2304, 0c9de600101a1b95b9f92af46a62a5b3
0,         65,         65,        1,     2304, abfa6a09ada630b529281380753903ad
0,         66,         66,        1,     2304, aa27a19ddec79bbe60f8abc8aeff1971
0,         67,         67,        1,     2304, cda92142627473579916119ea38b3728
0,         68,         68,        1,     2304, 5280df34f86a8e676c95a7be6680cd98
0,         69,         69,        1,     2304, 2618023ca41742e1d75cb71ffdab3172
0,         70,         70,        1,     2304, fbb6c30dd5d3234b90f7e3f23a5dab19
0,         71,         71,        1,     2304, 7288793e96eced4e6d729d8e8c6cee9a
0,         72,         72,        1,     2304, cbaa9b780e3889ed021180e6a4a279e2
0,         73,         73,        1,     2304, b5eea21ff1c401a7d466a5bb308a9921
0,         74,         74,        1,     2304, 1269412d70600cbc6b25c8f5370dfd47
0,         75,         75,        1,     2304, 1445d8ae63f306b47762bd703cbd2611
0,         76,         76,        1,     2304, aec083f39e619e093b74cb5fb5073e11
0,         77,         77,        1,     2304, bd6179fd06d106d33e9a2ee8c3d576dd
0,         78,         78,        1,     2304, a995c6e45a0e057870d76f6835315db5
0,         79,         79,        1,     2304, eeba63c6e553165266b03133dc64a8a2
0,         80,         80,        1,     2304, 5ccc14ac977834206488a65a043952ef
0,         81,         81,        1,     2304, 0d2f58c77f156a70ffdcec8d814257de
0,         82,         82,        1,     2304, 0778061185544089434222aa4093f8a0
0,         83,         83,        1,     2304, 157d1e04145f94286bf9a583c8e0cece
0,         84,         84,        1,     2304, 39ec4b0cc421e706b882a2caae25a258
0,         85,         85,        1,     2304, ef1b29361ee7d8e706670f73405fe7c4
0,         86,         86,        1,     2304, 8c8b154ad8b87d889e4fb6a08ce3cf2b
0,         87,         87,        1,     2304, 3d0678fc0681efe33d98953d0e4e2cce
0,         88,         88,        1,     2304, f870bb90a9194a03139f2cb796842de4
0,         89,         89,        1,     2304, 77dc86310ee2637c45ba44194d0bfc56
0,         90,         90,        1,     2304, 23aba0fd83eeed162109b379b3133f80
0,         91,         91,        1,     2304, c4594e530159b0a3c0a0d4cf7bd80cb7
0,         92,         92,        1,     2304, 3ced64c84fd172291b503984d43247f5
0,         93,         93,        1,     2304, 571a2a57b30a543560fcf45f8a920816
0,         94,         94,        1,     2304, 1e4d97bc59f8a4b42b19df3c3e65a805
0,         95,         95,        1,     2304, 4e16434862166032b38d6e77d3d7165a
0,         96,         96,        1,     2304, 380ec37ff6c6f1382678fd8fe135a598
0,         97,         97,        1,     2304, 9e2c01f14590f5a2ad215e108e0d1127
0,         98,         98,        1,     2304, 9ee06c1838e6a23fc69aca61c0f839c4
0,         99,         99,        1,     2304, faf14ac42d081bd19bd01cfbc1d34f1b
0,        100,        100,        1,     2304, 0889cabf0d934de6ff849da9a6a6d0ad
0,        101,        101,        1,     2304, 2b9459dfd58df074a0252c98f73dd685
0,        102,        102,        1,     2304, 217fb461a76b52680249454247818fc9
0,        103,        103,        1,     2304, 8975ea1b682c47c506b8c87c21371aa4
0,        104,        104,        1,     2304, 4891da6b481f459c19f64656838e102c
0,        105,        105,        1,     2304, 90d45123b494fc66df6dfc7c8f8a6206
0,        106,        106,        1,     2304, 9d58cbf9cc788774f6b76f546092e7d8
0,        107,        107,        1,     2304, c236c18b0b46fb760bf1ed10280e11fb
0,        108,        108,        1,     2304, 891db73750d2083e10646e5f55693081
0,        109,        109,        1,     2304, 187d4eb46905df2e8b67b129b72bea2d
0,        110,        110,        1,     2304, 9ecb1993a0f49728f604f005fec94939
0,        111,        111,        1,     2304, 1fb04891aca794b56eb42010307cb620
0,        112,        112,        1,     2304, 31c3a87504bb18974dbc4bd418765c59
0,        113,        113,        1,     2304, 23323fea5d419506ef70665ed1cb9d57
0,        114,        114,        1,     2304, ef60c0a09c8ae979bb7cc31565869476
0,        115,        115,        1,     2304, 7888cbd543f457c335b86a8ec673c6a6
0,        116,        116,        1,     2304, ddc4561c02a6f03a4dfe3b56d5d1e0d6
0,        117,        117,        1,     2304, bb5f563597683a76f97c8147da59b5d7
0,        118,        118,        1,     2304, c4812512c5f23aecdf3b3a2695bc8fc8
0,        119,        119,        1,     2304, 9af391bd8dc852a29c9590b7bd450be8
0,        120,        120,        1,     2304, 82e76b7846e8059c94a5563e1dbf7336
0,        120,        120,        1,     2304, 42a404d5f4dbb70a1a0fa79ccac8d8e9
0,        122,        122,        1,     2304, fa2803d291a4550e8e7b1ea4925e0307
0,        122,        122,        1,     2304, a8cdc1c0755a905fb9c3d01a644cea44
0,        123,        123,        1,     2304, 6fb52ba4cb2393660aa521d2885a09a0
0,        124,        124,        1,     2304, 7f5d8a0ace4e6e391887e95104ec6cdc
0,        125,        125,        1,     2304, 925e0dca700ccae2745252a2d435d826
0,        126,        126,        1,     2304, f432b60d9cad4976044fc33d6718cc29
0,        127,        127,        1,     2304, 32f0777e957316ad155aa888460c9858
0,        128,        128,        1,     2304, bcae1f0f4ddf3ad31a273e050c84150b
0,        129,        129,        1,     2304, 4ff328cbd34a5ce23fc5b1aded9ab6d0
0,        130,        130,        1,     2304, aad00c09693dc029b0c22410362a454e
0,        131,        131,        1,     2304, 3149ab2b6a6eb44211760ab8fba379db
0,        132,        132,        1,     2304, 7410b2be5d521a90fd126fa6f7599d83
0,        133,        133,        1,     2304, 1e78c60510fb178b9763201eb147b65e
0,        134,        134,        1,     2304, 85ef5aafaf2aa180f1c200139b14723e
0,        135,        135,        1,     2304, ba98f01529f40d332f0c88db0e390a15
0,        136,        136,        1,     2304, b76c3d5713e548da631dfd83013800c8
0,        137,        137,        1,     2304, 832df9505cba8bab19567828947d9635
0,        138,        138,        1,     2304, 0ba9e9a3c7beeb30d1c527d8b566394c
0,        139,        139,        1,     2304, e521869bfb197f2f84df6a81c5115701
0,        140,        140,        1,     2304, ea908b696a7a3bf0dd953ce6e8e05572
0,        141,        141,        1,     2304, 2743707d970ee7bbdf63d7cbe496fc2d
0,        142,        142,        1,     2304, 09f6c3469465f92e4dc69cbd9d0fda6f
0,        143,        143,        1,     2304, 4f86e2cacfd6892ca405897d2cb87e04
0,        144,        144,        1,     2304, 615fdacf59f73827018c03e4346be3a0
0,        145,        145,        1,     2304, 91e4d2dd6b429d47f1cea3b6bb537c62
0,        146,        146,        1,     2304, 7114c32cc4e5c3f94f061379a8e41b46
0,        147,        147,        1,     2304, 83e93e434b9925e076184673d99dbfc4
0,        148,        148,        1,     2304, dd10332e5851146388f6718968915572
0,        149,        149,        1,     2304, 6306015fecbfe6aa2de7342f749d98e8
0,        150,        150,        1,     2304, 5e1582d8b86d69f87503b64ceece7bf2
0,        151,        151,        1,     2304, 884e33f444191f13c3bd15616d278686
0,        152,        152,        1,     2304, 1d526a44406e12999bcc0e9580bd2f30
0,        153,        153,        1,     2304, 846295e3c88ed74fd9c1f456579c9d57
0,        154,        154,        1,     2304, bbe1a333ebe9843763d6280ebdf29117
0,        155,        155,        1,     2304, df847175e99c8fb1bcbc1aefe79abc6b
0,        156,        156,        1,     2304, 0e5a4728ed827cf7908fc84445ae12f4
0,        157,        157,        1,     2304, 2e0159e5efed568117d51bdd1a785a12
0,        158,        158,        1,     2304, 295d737f8badf54b5787da311f60e4df
0,        159,        159,        1,     2304, e67009cccd43bc2560a26f1e979470cb
0,        160,        160,        1,     2304, 099175ace3a0e52578d68d07460d7a4a
0,        161,        161,        1,     2304, 3e9560530e0d283da41257d327a66670
0,        162,        162,        1,     2304, bbe6ec311cbefa4323795cbbfbd07527
0,        163,        163,        1,     2304, 474f6fdeac9648e90dbc9643839635e9
0,        164,        164,        1,     2304, cabb4ab1cfccf0b00294195d6ee56025
0,        165,        165,        1,     2304, 6f0d825468a72a104ed697eb614b62d2
0,        166,        166,        1,     2304, 3f8c9b194e2fb6b3a09f3d7d477b43cd
0,        167,        167,        1,     2304, 079ecaf8ecb3a24645b84136ba4d712b
0,        168,        168,        1,     2304, 901d8efb85eb0e9e50ba3a69c566f5d9
0,        169,        169,        1,     2304, d9c59b733950f0d64ad6deef5238a17e
0,        170,        170,        1,     2304, 1bdf532d5e1a35e1ecb029849e5db887
0,        171,        171,        1,     2304, 024a58f4ab8e55f8811bee85f545235b
0,        172,        172,        1,     2304, 36c3c9d2a912355945095bc21400e752
0,        173,        173,        1,     2304, b29db0828fe5392de27f092bbd86a9d1
0,        174,        174,        1,     2304, 75790ddedb2b5fe1164fbca977335e70
0,        175,        175,        1,     2304, 429fb408dff8a4ddc06213fad7c0f25a
0,        176,        176,        1,     2304, c61ea9eaacd80d5ef0203ed61354fc47
0,        177,        177,        1,     2304, 01ae99fac24288cd5c0e45813de31832
0,        178,        178,        1,     2304, 307ef636ee52642d68cdb66dd63c771e
0,        179,        179,        1,     2304, 132792b9ae3295a039b3dc397bfa7c61
0,        180,        180,        1,     2304, a2240c2ad0c151f26b5bf46776926e83
0,        181,        181,        1,     2304, ae5a477c084989122bcaab1a1f245248
0,        182,        182,        1,     2304, ece79881e34c21dcf05b5899aaa3bb71
0,        183,        183,        1,     2304, 8287e94b32da349d687452b4106a74e1
0,        184,        184,        1,     2304, b875434a1b24833429b1b7fd250f81f7
0,        185,        185,        1,     2304, 7983c56e47c73274e40e44496bfd91e7
0,        186,        186,        1,     2304, 12e69d868772fe723068c2f6c27be11d
0,        187,        187,        1,     2304, d2e2e73d93183f1cada8038e8065bd2a
0,        188,        188,        1,     2304, 22c05963a8411830db254c5cde11613d
0,        189,        189,        1,     2304, 7e7be52e8d80e8d797011601ddadf99e
0,        190,        190,        1,     2304, 6b54cf1c251133d4c06d4a763f721a7e
0,        191,        191,        1,     2304, 7c2facb198fb2898c22ce84acd1219d6
0,        192,        192,        2,     2304, 8e489cfcf3fc2ca12a44c5f24c3994c4
0,        194,        194,        1,     2304, 5ced6eb5aeb6a0f78220dbe3ea450174
0,        195,        195,        1,     2304, 4c8e93ded2c40395061a1ef5f70ed6f3
0,        196,        196,        1,     2304, 539d58d5eff72487397c152faa8a9bb8
0,        197,        197,        1,     2304, b9d3c25f6814badb255f7156a4ba5f27
0,        198,        198,        1,     2304, ade40d739e4253bb6863715bc81fe9fb
0,        199,        199,        2,     2304, 1a434eabc864127acf8fb137f6e98a6e
0,        201,        201,        1,     2304, 60093d9597e4f5b82141cf5d26d28c2d
0,        202,        202,        1,     2304, 55f7166d160cba6b33f99522e37341b4
0,        203,        203,        1,     2304, a54f640e9d597eaef19d795eec542bfc
0,        204,        204,        1,     2304, b2360312ab09de3634ad0e0674cd1a3c
0,        205,        205,        1,     2304, 08606c41b63fa27b605dca71848d86cb
0,        206,        206,        1,     2304, fa4e0084a070b8fbb5e2819af4269bef
0,        207,        207,        1,     2304, fb086a53fce74d19a0963a85fb3a5722
0,        208,        208,        1,     2304, 0d32f978eff297042eb9ebe6e549f8d5
0,        209,        209,        1,     2304, 88a39d4c268441b8142d6f604021f182
0,        210,        210,        1,     2304, 304b75ddc8e28b7a22d39023f87de4f1
0,        211,        211,        1,     2304, 8c8cc4f11bb1d3a2b5dce408fc740050
0,        212,        212,        1,     2304, 9081b95dea51c94873262d9fce4cf626
0,        213,        213,        1,     2304, 3590e8a911cfd35755b8bba2d2ed0f5d
0,        214,        214,        1,     2304, ad011ef633f7ec823bf408923e4c8101
0,        215,        215,        1,     2304, 36e02c2783e1ef2d001a971329a3b26b
0,        216,        216,        1,     2304, 1730875e10d5971c5ef751204ddf7b84
0,        217,        217,        1,     2304, dda6cc26def9f46cd5c7109bf2f96a25
0,        217,        217,        1,     2304, f47d758bceea2c4fe1398534358920be
0,        218,        218,        1,     2304, 193ea6c2f12022d527061868f2b6f64e
0,        220,        220,        1,     2304, 7e389660c5f1d1ec8b83f7345e4d4c33
0,        220,        220,        1,     2304, cf9c75e48884397937ee7b951172bb2b
0,        222,        222,        1,     2304, 97b35f70cc7120c68cd9b3dcbd9553ae
0,        222,        222,        1,     2304, 2c1875525dd7b3246d31923116791023
0,        223,        223,        1,     2304, 478d4b3864fa0b0d4277516700a46bd5
0,        224,        224,        1,     2304, debdd5f7f499c0e415827b386b72f02e
0,        225,        225,        1,     2304, 4afcd53e87c8e9e8a88cf64e3920068d
0,        226,        226,        1,     2304, 0ed855876378f117083b66484e92664f
0,        227,        227,        1,     2304, e1412d4ee4ce3c96b71ce4523237f72e
0,        228,        228,        1,     2304, 67f2ab25d2a25cc62055f91573d06e8f
0,        229,        229,        1,     2304, fd43f87b4e308a6c40f704f0ccc0afe4
0,        231,        231,        1,     2304, 6c899491e27b49f6ed840e5ebfee8270
0,        231,        231,        1,     2304, ecce9d6533ac10fd2000123caedc5061
0,        233,        233,        1,     2304, eb6540c9ce891c131ee5129575a6101e
0,        234,        234,        1,     2304, e6a133a7dd76833071b614b832f0532e
0,        235,        235,        1,     2304, bae4ef576292d43e8548e3861a21dca1
0,        236,        236,        1,     2304, 86e9f34bfd436683978e703cf2a6a33d
0,        237,        237,        1,     2304, 647e166bc61d9468d848343cf3c14496
0,        238,        238,        1,     2304, 2a414fb7cc6377a1c6b1c7b8d20b19ce
0,        239,        239,        1,     2304, b461996a463bf0defe15771dfcf972e9
0,        240,        240,        1,     2304, c557e79d0b16233de44bf020373e419d
0,        241,        241,        1,     2304, 25be04e56eee2e620126f6d680d3d0b9
0,        241,        241,        1,     2304, 8ea26ca7737bd493f97719dcefdcfceb
0,        242,        242,        1,     2304, 10dc368d5149daf7292d66c98ecdb6fc
0,        243,        243,        1,     2304, 777825d3a4463dddee18e66b57783bc5
0,        244,        244,        1,     2304, 73f55236ed79df500ba295cfa2cd9094
0,        245,        245,        1,     2304, 75f054cb321590a6ce1a5a305c2fdfc1
0,        246,        246,        1,     2304, fde9d4f070497868cc4f6fd3bbb963fa
0,        247,        247,        1,     2304, 67da591f64bae550ff00282452054839
0,        248,        248,        1,     2304, 8a26c5ad25ad950029c01222f94e4aff
0,        249,        249,        1,     2304, 29214ea1da31d04faede17d56181b5f4
0,        250,        250,        1,     2304, 73eb471fd0f68343386326c5110e56a7
0,        251,        251,        1,     2304, fee6c97aa86673fba86998c1e3ec1489
0,        252,        252,        1,     2304, 61da0fa0ee9ce9702e6241d1d8588577
0,        253,        253,        1,     2304, fc01048e1b34a59837e17dc94b5549f2
0,        254,        254,        1,     2304, 563c841d7f29df9c15b09e283ddfb908
0,        255,        255,        1,     2304, 65e5ee33c15e495a02d27c8e6b34aae2
0,        256,        256,        1,     2304, dfaabdcdbeaaa2185edbbbccb102a430
0,        257,        257,        1,     2304, 30e1fd164469882980d177fea72a78a6
0,        258,        258,        1,     2304, c18cda2499846f1626b3a1c6617603dc
0,        259,        259,        1,     2304, 3a243f9e5c8f9c799d3c99a4d3c27f1e
0,        260,        260,        1,     2304, b6925fefb8d676000433b315a56d48cd
0,        261,        261,        1,     2304, 88b681a43846ed1daca7f77c3861e926
0,        262,        262,        1,     2304, 6cad7b5a9df4b8f55efdd008ae85af65
0,        263,        263,        1,     2304, 3bff788339e20f5cd6951b94f59ce397
0,        264,        264,        1,     2304, 50d94617df7cd33857dab29759772040
0,        265,        265,        1,     2304, ef42245fa5d242066d21ef99234773fd
0,        266,        266,        1,     2304, cd7bed30098132496599c3b1f5f85a95
0,        267,        267,        1,     2304, 201d89a5f20858d147eb89dc408803d5
0,        268,        268,        1,     2304, 5fe99048290af6db4347e8c42bdc138f
0,        269,        269,        1,     2304, f3e3692ca56ae5c15db0651c98a3068c
0,        270,        270,        1,     2304, 5d617808335ce93660ad0d79683ed126
0,        271,        271,        1,     2304, e64779baf24ba0a9f9f1be3d925c6a84
0,        272,        272,        1,     2304, de91edb5b5a8fb77204d56fccb311f00
0,        273,        273,        1,     2304, b46e9e45912902acd027f96e43bd63c7
0,        274,        274,        1,     2304, 4d01721c7fec74a2295747f73cbfc989
0,        275,        275,        1,     2304, 7722cb23ceaeb928bd6f6483f7f93d1d
0,        276,        276,        1,     2304, c042769cb3e537403fe800a0f12575ca
0,        277,        277,        1,     2304, cb69090ed63524fb40159b13b05514d1
0,        278,        278,        1,     2304, fa6776041882eb80b5d5b9232975bd19
0,        279,        279,        1,     2304, 1c87033b67b37b35df7bcb0cc3f4f4d2
0,        280,        280,        1,     2304, d8bcd01963cb56b07d179f5d0569ac8c
0,        281,        281,        1,     2304, 5fc47dce08c37d504dd097f94b25e5b8
0,        282,        282,        1,     2304, a75a4917848d626c80ea87c4d17ab897
0,        283,        283,        1,     2304, 813a9346f793b57498d3a7784c34b8df
0,        284,        284,        1,     2304, 60d5e536d25c81616c50f2f58d267250
0,        285,        285,        1,     2304, fe6660980795e5cb2c6ed7f9c12ec3e8
0,        286,        286,        1,     2304, c87056b951186b00792dcc671c5a8d36
0,        287,        287,        1,     2304, 936e8e2fdd5094a3d70c281709e5aacb
0,        288,        288,        1,     2304, 7724595bce6d6fd5ee64283f0fe79fa8
0,        289,        289,        1,     2304, 5f4206cd325beb3594bf260832864707
0,        290,        290,        1,     2304, 12092ce68be16bc5215351213a389610
0,        291,        291,        1,     2304, e07e18cea28c693054e39fec23c212a6
0,        292,        292,        1,     2304, c9cc982579301f797602330ea36349eb
0,        293,        293,        1,     2304, b08b7cdb29451d5f4df868fb0c4f5007
0,        294,        294,        1,     2304, 566678170221175d6d8967ee5daec282
0,        295,        295,        1,     2304, 2d8f70e233ab74a4adf1add029044c9f
0,        296,        296,        1,     2304, da32bd9db1a9fac3113a2c77e65a36af
0,        297,        297,        1,     2304, ba3a3c64f217c2a12264f04491832741
0,        298,        298,        1,     2304, 27f820c822f58b2c661d3896080d7965
0,        299,        299,        1,     2304, 011f9e2384a0d15d19e4726f894d1796
0,        300,        300,        1,     2304, 504ae2a4b882f0cf9896da0b9c5da656
0,        301,        301,        1,     2304, 99758430aadee39f11e359c7aa52123e
0,        302,        302,        1,     2304, 6220d8e35d292abb79899a5d596c68a6
0,        303,        303,        1,     2304, a1b649fff8bbfdad4cf3f9a10d6d5a64
0,        304,        304,        1,     2304, c293521c4907abfe93468e4ee85cf4fd
0,        305,        305,        1,     2304, 7b2e74746bfd2911b9de5b4b196ed4b3
0,        306,        306,        1,     2304, c2012bffe103982de115517a9b00b87b
0,        307,        307,        1,     2304, 599b80465673f958e100dacf1671e120
0,        308,        308,        1,     2304, 78472023c17846d00d37ca0c6cacb02d
0,        309,        309,        1,     2304, f422a7f1265553453401555457690b4b
0,        310,        310,        1,     2304, 95c1a062e6b3821c6a5e05a5b34ba94d
0,        311,        311,        1,     2304, 1a7e65b7c8517de76890be6cd03fe135
0,        312,        312,        1,     2304, 70f38c1785958b8e04c008434566b61a
0,        313,        313,        1,     2304, 25fc3b6e6950afe8887a4bfd522d8229
0,        314,        314,        1,     2304, d273e2a670dcf386c7e43cd96d886a8e
0,        315,        315,        1,     2304, a991feccbc12cf0f8bc908632d927f69
0,        316,        316,        1,     2304, 4da34d38862773a21722b182192695aa
0,        317,        317,        1,     2304, 2534182b5bfaa07fe63989bc615547bd
0,        318,        318,        1,     2304, 1b3dd34b5204997e333fc0045552c2e4
0,        319,        319,        1,     2304, fe4b7870d61d0febe84b6178e67296ba
0,        320,        320,        1,     2304, 21976955086c4634df01ad65a23c92e7
0,        321,        321,        1,     2304, e736a64c81854eefc4fe355fbf75fa80
0,        322,        322,        1,     2304, e14f2d9f27cad913ee6a1f9895b748b6
0,        323,        323,        1,     2304, e3476197f334131d144063f16ac9d62e
0,        324,        324,        1,     2304, 4e94263bb7889196ab7e997046a1415d
0,        325,        325,        1,     2304, 630f4c0e035a10bb3a2528ad859b7f1e
0,        326,        326,        1,     2304, effbf3543aadb5860f700058c40af84c
0,        327,        327,        1,     2304, b657186a4c3c23a6b90ff554435f3e90
0,        328,        328,        1,     2304, f7db296d5edf9ca1f0316e3c319b28d8
0,        329,        329,        1,     2304, 8db7d184bcc28efff2f468eefe910969
0,        330,        330,        1,     2304, a0d7f1f595ea6911a8bf2d80cc2efea8
0,        331,        331,        1,     2304, 0c427181906ece49c47d4324648febea
0,        332,        332,        1,     2304, c5100d7a7c66c0e1f7c1c1e59359fd20
0,        333,        333,        1,     2304, 8199363b71c89aa1698612aabd2da490
0,        334,        334,        1,     2304, 11b98ecb6aa7fd8f8fbd781022749f95
0,        335,        335,        1,     2304, 3ed0d3a838a90b89b6b10184fa2f0149
0,        336,        336,        1,     2304, 6cae12e8dc64712911b8f21691663e94
0,        337,        337,        1,     2304, 19ff6aac046fea64c6e8ba71cde4ede1
0,        338,        338,        1,     2304, 8c8c813d2bed26ec6d3ed4a435b1b7d3
0,        339,        339,        1,     2304, c6db79239ac408b1de88672d3acb8457
0,        340,        340,        1,     2304, c75e7dd9b25b4faed6c26c9d73c32727
0,        341,        341,        1,     2304, 42ce58072bc41a3df2a1a041efca7e88
0,        342,        342,        1,     2304, 370ccd56da49c7f61cf1b4a926efb96f
0,        343,        343,        1,     2304, 8e079b4adb2767ada031ec76f861f69b
0,        344,        344,        1,     2304, 1c51db730f2ea7e521d60a7dc6012675
0,        345,        345,        1,     2304, dc619726a0a218d004ab157c1a5bd755
0,        346,        346,        1,     2304, 758d6768eb45d444ea4411d3ce5f5fcf
0,        347,        347,        1,     2304, 1d6fc5b2855fb38c2ed2ff05ab2b6bb7
0,        348,        348,        1,     2304, f7fab138fc5d55926ed1f69f25aa7915
0,        349,        349,        1,     2304, 832c58e63693201e7307d172d30b12cf
0,        350,        350,        1,     2304, 02b593c32f3c8b011c4d1280f8b3981b
0,        351,        351,        1,     2304, 7d58d34aa8394b0e443ccc506a7dfd68
0,        352,        352,        1,     2304, 65ba29a7dcca959ab45061313414ba4a
0,        353,        353,        1,     2304, 440bf0cbc2eba55300abab07f8418d66
0,        354,        354,        1,     2304, 89d25901508e36f0f64099b386457ca3
0,        355,        355,        1,     2304, 9774f1090514a4609a03866c25fc5ecc
0,        355,        355,        1,     2304, 531d243b06db8e522e06f84a14070561
0,        357,        357,        1,     2304, 88a32aaf3e6055cbe75100c49926e000
0,        358,        358,        1,     2304, 3b843174b484033b8f647344cfc457df
0,        359,        359,        1,     2304, 07d990ac8e5513ba9d9f9f3916572b06
0,        360,        360,        1,     2304, 02403e40bdca2b9bfca547afaf1c5bb9
0,        360,        360,        1,     2304, 0cf375acda05b062bf145ff3f6cd632d
0,        361,        361,        1,     2304, d3944316b3bc4dc1b4c5a3478a00f18a
0,        363,        363,        1,     2304, 54fa65af000a83c8b7a712a472e0c387
0,        364,        364,        1,     2304, 782cdf946d3f10631e6b94fcee941bee
0,        365,        365,        1,     2304, 901bd6a85e13f8200e18786bf2d7aa18
0,        366,        366,        1,     2304, 3915d9ba91ff5690467346d737b494aa
0,        367,        367,        1,     2304, 3d4eeaea672d13935b4775340450eab6
0,        368,        368,        1,     2304, ecab573f00caae319c05d6a1d7492fc4
0,        368,        368,        1,     2304, a89ee439ffcf5546dec4afdcb271e9bf
0,        369,        369,        1,     2304, ee114d7fa18a052627f3d768c2aeb763
0,        370,        370,        1,     2304, 26d4f6c3c4cb2d3a7a4e5607949fba61
0,        372,        372,        1,     2304, 91e2f2772884bbdbe7edc020dc2d4131
0,        373,        373,        1,     2304, 61e311944360822b2df75a516be6b1fd
0,        373,        373,        1,     2304, 6672ec6c17265a70efec6273680ded87
0,        374,        374,        1,     2304, f07545cd7bbec71d6b4f70a7c9c72678
0,        375,        375,        1,     2304, 8b26de2b3a00fc34f6ce5cadfe7289d1
0,        376,        376,        1,     2304, fdc9b82b48eb0f7eb62e0f06bfb0bbf0
0,        377,        377,        1,     2304, 488c968c1759901d0e4f377dd2910b90
0,        378,        378,        1,     2304, d54abc7ad310ebd3691b25ee89e3f3b5
0,        379,        379,        1,     2304, 3f57ea45b33d545b7d35f3b21966720d
0,        380,        380,        1,     2304, 80ac5fc45e8183b10b4d675a3d5c215b
0,        381,        381,        1,     2304, 5b5808fd1baa2c95d6c31174ee829964
0,        382,        382,        1,     2304, f34d2a760508c489ee8059aaf3aab55f
0,        383,        383,        1,     2304, a66999cffb32407b7e4245daedf5bd8a
0,        384,        384,        1,     2304, f27833fc849ae20ac2c5d8af746c711c
0,        385,        385,        1,     2304, 111dc5df6e56b9de434b47630376a47c
0,        386,        386,        1,     2304, d59569978fbeb089435ab7fe2866d2ab
0,        387,        387,        1,     2304, dab4b1df76876c6d058d264a4843c0fb
0,        388,        388,        1,     2304, 5f0746e52ce9270271168ef9690344d2
0,        389,        389,        1,     2304, 11786f5355c14d099a819827682b8025
0,        390,        390,        1,     2304, c8b62184e743e7b0d55dc6f290d07035
0,        391,        391,        1,     2304, 3224204ac44abdef9745631e4f175512
0,        392,        392,        1,     2304, 101aa0443e26d793a3a2732ba9763123
0,        393,        393,        1,     2304, d8111b1ad181c2cfbc93461b6a4fb303
0,        394,        394,        1,     2304, fdacb5320df076ba916b33ffa4dada0f
0,        395,        395,        1,     2304, ed8f4425a7c3056887b34ac565c95589
0,        396,        396,        1,     2304, f079e130947647d27810b4df0fbda88e
0,        397,        397,        1,     2304, e2b8a0cf01f67b6e9a77d80805286b0f
0,        398,        398,        1,     2304, bfd702cea7b6043da29f7e4d7984d2f4
0,        399,        399,        1,     2304, 4836cd3aaa08b5b2816be8a40b87c337
0,        400,        400,        1,     2304, 2075eb8bfc445edfb7192f8691d9af89
0,        401,        401,        1,     2304, 18ed929334470afd7202f56582344d48
0,        402,        402,        1,     2304, 73fa5b2a272d1760fdd0b0531ce86fb3
0,        403,        403,        1,     2304, f306c567af6866da3b7379e0867897ef
0,        405,        405,        1,     2304, 357c23d33f6497a29ae9f874d4360a8a
0,        405,        405,        1,     2304, d6d5fc83d8277199d981489504357992
0,        406,        406,        1,     2304, 1c5e355d19632d7cac82e27f7e9e9dfd
0,        407,        407,        1,     2304, 041b20f151c0bc34f2f45cd643bc2200
0,        408,        408,        1,     2304, 2c9f2278e360ec0b44a986c240f9300d
0,        409,        409,        1,     2304, 3b79a2911dfc241b892aba78c212732f
0,        410,        410,        1,     2304, 66fe9c12078fdcf1970a39b2e3df8125
0,        411,        411,        1,     2304, e609643daf593be2a168c1ca6d553d51
0,        412,        412,        1,     2304, afd87db0d202d039e090a2a6cfaebed3
0,        414,        414,        1,     2304, 6447b93d9d675b1e91d7286bb12325c1
0,        414,        414,        1,     2304, 778dc8b0058bd9ced313c578e9645b99
0,        415,        415,        1,     2304, 1b4b7fb85593ddbf2f0065475f786824
0,        416,        416,        1,     2304, fd2f97a318a7a1c8867f2e37b870ddab
0,        417,        417,        1,     2304, 92a68598070cd25f9ed826ccc3a0c193
0,        418,        418,        1,     2304, 95d25ee99c2fa6cc603e3662cdc1737d
0,        419,        419,        1,     2304, 60ceda64652909c419bc46b85275f376
0,        420,        420,        1,     2304, 063afeb4c6a8ebc416f048624f0ba076
0,        421,        421,        1,     2304, 9306d91e217363ddb4d7dccedd8806be
0,        422,        422,        1,     2304, 2a7f56d0984536d6f02b389dcef73398
0,        423,        423,        1,     2304, 895a13bf6421f3a4e0cd8a03b661966d
0,        424,        424,        1,     2304, f5166339d4b39cf21e4efe21abb9dee4
0,        425,        425,        1,     2304, d9b184e50f0c6a174533449930032247
0,        426,        426,        1,     2304, 5dc093e8ad883ff620befbf8ced68a40
0,        427,        427,        1,     2304, ff9c527f15027687871918b85b8cf3b1
0,        428,        428,        1,     2304, 82ee4aa61606d44d10c8397ea6d4781e
0,        429,        429,        1,     2304, 804044edd680cd9fb11d293e209ddd92
0,        430,        430,        1,     2304, efd5d2c3dccf0c79e792d94361b38542
0,        431,        431,        1,     2304, cc595bf301d7f44857279445cc60ba5f
0,        432,        432,        1,     2304, 98f12248b3a8069c342157939909d302
0,        433,        433,        1,     2304, 52d2ae1d43c234cce9100e8c8cad5dac
0,        434,        434,        1,     2304, e9e7f07484508728e190aeecfd8e80bc
